11.751
11.657
11.481
11.584
11.554
11.658
11.738
11.691
11.731
11.571
11.718
11.83
11.583
11.703
11.481
11.84
11.706
11.601
11.835
11.744
11.601
11.719
11.606
11.624
11.579
11.594
11.62
11.596
11.634
11.616
11.658
11.777
11.604
11.601
11.501
11.883
11.645
11.82
11.701
11.853
11.633
11.533
11.66
11.579
11.818
11.882
11.644
11.554
11.721
11.524
11.531
11.539
11.729
11.675
11.569
11.743
11.598
11.539
11.661
11.685
11.732
11.75
11.596
11.568
11.56
11.547
11.551
11.619
11.844
11.632
11.671
11.69
11.722
11.627
11.627
11.64
11.67
11.747
11.542
11.7
11.779
11.691
11.777
11.723
11.645
11.517
11.687
11.779
11.527
11.642
11.532
11.606
11.64
11.622
11.555
11.588
11.725
11.722
11.702
11.586
